{
  "scale": "full",
  "occurrences": [
    {
      "name": "rb3:1",
      "file": "rb3_1.stl",
      "transform_4x4_mm": [
        [
          -0.025843745641760885,
          -0.02941679020148702,
          0.9992330825515364,
          475.33095890965797
        ],
        [
          0.09223300266844713,
          0.9952332213525852,
          0.031684512540331534,
          244.54569014916345
        ],
        [
          -0.9954020162878746,
          0.09298111405225201,
          -0.023007355337715616,
          -663.5464638059368
        ],
        [
          0.0,
          0.0,
          0.0,
          1.0
        ]
      ],
      "has_rotation": true
    },
    {
      "name": "rb:1",
      "file": "rb_1.stl",
      "transform_4x4_mm": [
        [
          0.02584374564176101,
          0.029416790201486263,
          -0.9992330825515365,
          -497.0501245141373
        ],
        [
          0.2734609026130884,
          0.9612325651368934,
          0.03537075716440225,
          353.84991079372037
        ],
        [
          0.9615358732534314,
          -0.27416529352671515,
          0.016797507915497056,
          482.11282188618156
        ],
        [
          0.0,
          0.0,
          0.0,
          1.0
        ]
      ],
      "has_rotation": true
    },
    {
      "name": "DIFFSUS2:1",
      "file": "DIFFSUS2_1.stl",
      "transform_4x4_mm": [
        [
          -0.0009775517324150018,
          9.378895831121305e-24,
          0.9999995221961911,
          1.0011300379858683e-11
        ],
        [
          -2.1682707007298573e-19,
          -1.0,
          -2.0258087894711045e-22,
          574.688194030176
        ],
        [
          0.9999995221961911,
          -2.1682716450547493e-19,
          0.0009775517324150018,
          -100.98625859772186
        ],
        [
          0.0,
          0.0,
          0.0,
          1.0
        ]
      ],
      "has_rotation": true
    },
    {
      "name": "Rod End M8:1",
      "file": "Rod_End_M8_1.stl",
      "transform_4x4_mm": [
        [
          -0.9888800235958072,
          0.14871549661402453,
          3.226368824882364e-15,
          -183.45378151641367
        ],
        [
          -0.1487101699988448,
          -0.9888446043996603,
          -0.008463668743175692,
          614.4308937428182
        ],
        [
          -0.0012586787003147793,
          -0.008369552946459153,
          0.9999641825142568,
          -143.71363654390717
        ],
        [
          0.0,
          0.0,
          0.0,
          1.0
        ]
      ],
      "has_rotation": true
    },
    {
      "name": "Rod End M8 (1):1",
      "file": "Rod_End_M8_1_1.stl",
      "transform_4x4_mm": [
        [
          -0.9999135636160839,
          0.013147824785255552,
          3.424520324431246e-15,
          252.9552673503217
        ],
        [
          -0.013147350370235435,
          -0.9998774835784218,
          -0.00849499918335334,
          609.6947736064534
        ],
        [
          -0.00011169076081019463,
          -0.008494264906342607,
          0.9999639168434402,
          -143.33197685999588
        ],
        [
          0.0,
          0.0,
          0.0,
          1.0
        ]
      ],
      "has_rotation": true
    },
    {
      "name": "u calmp:1",
      "file": "u_calmp_1.stl",
      "transform_4x4_mm": [
        [
          -1.0,
          -3.025498432317473e-16,
          3.4629610809182226e-15,
          -214.99989725324122
        ],
        [
          2.7322965119764884e-16,
          -0.9999641825142568,
          -0.00846366874317581,
          564.6122267959835
        ],
        [
          3.4653977280104907e-15,
          -0.00846366874317581,
          0.9999641825142568,
          -16.103958006568188
        ],
        [
          0.0,
          0.0,
          0.0,
          1.0
        ]
      ],
      "has_rotation": true
    },
    {
      "name": "u calmp:2",
      "file": "u_calmp_2.stl",
      "transform_4x4_mm": [
        [
          -1.0,
          -2.771515356297371e-16,
          3.480077761931317e-15,
          214.99989727219173
        ],
        [
          2.475782773818731e-16,
          -0.9999639168434403,
          -0.00849499918335347,
          563.917858522585
        ],
        [
          3.482306591809433e-15,
          -0.00849499918335347,
          0.9999639168434403,
          -10.098299757819609
        ],
        [
          0.0,
          0.0,
          0.0,
          1.0
        ]
      ],
      "has_rotation": true
    },
    {
      "name": "Part1:1",
      "file": "Part1_1.stl",
      "transform_4x4_mm": [
        [
          0.529617809402329,
          -3.4096503707416914e-15,
          -0.8482363915583195,
          -214.9998972722432
        ],
        [
          0.8482060098634578,
          0.008463668743175688,
          0.5295988398239915,
          563.9171420488215
        ],
        [
          0.007179191834054476,
          -0.9999641825142569,
          0.004482509699270563,
          -10.098305839748559
        ],
        [
          0.0,
          0.0,
          0.0,
          1.0
        ]
      ],
      "has_rotation": true
    },
    {
      "name": "rb_hub angle_front back:1",
      "file": "rb_hub_angle_front_back_1.stl",
      "transform_4x4_mm": [
        [
          -1.4513368283241153e-15,
          -2.4093718164428687e-16,
          -1.0,
          -226.30000000000382
        ],
        [
          0.07108138833729477,
          0.9974705189789034,
          -3.4349077231836526e-16,
          215.3355142072701
        ],
        [
          0.9974705189789033,
          -0.07108138833729477,
          -1.4305395499883e-15,
          -352.6239248824745
        ],
        [
          0.0,
          0.0,
          0.0,
          1.0
        ]
      ],
      "has_rotation": true
    },
    {
      "name": "rb_hub angle_front back:2",
      "file": "rb_hub_angle_front_back_2.stl",
      "transform_4x4_mm": [
        [
          -1.1102230246251562e-16,
          1.8570778261631736e-16,
          1.0,
          226.3499999999991
        ],
        [
          2.8171668772552747e-16,
          1.0,
          -1.8570778261631734e-16,
          241.06918743582358
        ],
        [
          -1.0,
          2.8171668772552747e-16,
          -1.1102230246251568e-16,
          -370.5225248475474
        ],
        [
          0.0,
          0.0,
          0.0,
          1.0
        ]
      ],
      "has_rotation": true
    },
    {
      "name": "rb_hub angle_front back:3",
      "file": "rb_hub_angle_front_back_3.stl",
      "transform_4x4_mm": [
        [
          -1.4202794706991296e-17,
          -2.9810172679666196e-16,
          1.0,
          296.09999999999974
        ],
        [
          -1.0061396160665479e-16,
          1.0,
          2.9810172679666196e-16,
          225.89097173659908
        ],
        [
          -1.0,
          -1.0061396160665479e-16,
          -1.4202794706991327e-17,
          367.8194659529327
        ],
        [
          0.0,
          0.0,
          0.0,
          1.0
        ]
      ],
      "has_rotation": true
    },
    {
      "name": "rb_hub angle_front back:4",
      "file": "rb_hub_angle_front_back_4.stl",
      "transform_4x4_mm": [
        [
          1.2349605586096232e-17,
          4.662101052970388e-16,
          -1.0,
          -301.0849204002293
        ],
        [
          4.787836793695988e-16,
          1.0,
          4.662101052970388e-16,
          238.805826758862
        ],
        [
          1.0,
          -4.787836793695988e-16,
          1.2349605586096009e-17,
          375.1031325965141
        ],
        [
          0.0,
          0.0,
          0.0,
          1.0
        ]
      ],
      "has_rotation": true
    },
    {
      "name": "motor shaft couple_sub_wood:1",
      "file": "motor_shaft_couple_sub_wood_1.stl",
      "transform_4x4_mm": [
        [
          -1.1617884001378885e-16,
          -6.244094213496772e-16,
          1.0000000000000002,
          -380.599999999999
        ],
        [
          -0.3937633581404736,
          0.9192118459778124,
          5.282175666560801e-16,
          238.20135551088924
        ],
        [
          -0.9192118459778124,
          -0.3937633581404736,
          -3.526625165978346e-16,
          -0.5931330429197723
        ],
        [
          0.0,
          0.0,
          0.0,
          1.0
        ]
      ],
      "has_rotation": true
    },
    {
      "name": "motor shaft couple_sub_wood:2",
      "file": "motor_shaft_couple_sub_wood_2.stl",
      "transform_4x4_mm": [
        [
          -1.2349605586160207e-17,
          4.662101052970387e-16,
          1.0,
          -326.9275357686049
        ],
        [
          -6.453171330633721e-16,
          1.0,
          -4.662101052970387e-16,
          238.8058267588619
        ],
        [
          -1.0,
          -6.453171330633721e-16,
          -1.2349605586159906e-17,
          375.10313259651406
        ],
        [
          0.0,
          0.0,
          0.0,
          1.0
        ]
      ],
      "has_rotation": true
    },
    {
      "name": "motor shaft couple_sub_wood:3",
      "file": "motor_shaft_couple_sub_wood_3.stl",
      "transform_4x4_mm": [
        [
          1.4513368283241155e-15,
          -2.4267190512026333e-16,
          1.0,
          -252.300000000004
        ],
        [
          -0.07108138833729495,
          0.9974705189789033,
          3.452211078442327e-16,
          215.33551420727008
        ],
        [
          -0.9974705189789033,
          -0.07108138833729495,
          1.4304162434352462e-15,
          -352.6239248824745
        ],
        [
          0.0,
          0.0,
          0.0,
          1.0
        ]
      ],
      "has_rotation": true
    },
    {
      "name": "motor shaft couple_sub_wood:4",
      "file": "motor_shaft_couple_sub_wood_4.stl",
      "transform_4x4_mm": [
        [
          4.1206635733630157e-16,
          -3.091505087080946e-16,
          -1.0,
          321.94261536837524
        ],
        [
          7.632783294297951e-17,
          -1.0,
          3.0915050870809464e-16,
          225.8909717365995
        ],
        [
          -1.0,
          -7.632783294297964e-17,
          -4.1206635733630157e-16,
          367.81946595293164
        ],
        [
          0.0,
          0.0,
          0.0,
          1.0
        ]
      ],
      "has_rotation": true
    },
    {
      "name": "motor shaft couple_sub_wood:5",
      "file": "motor_shaft_couple_sub_wood_5.stl",
      "transform_4x4_mm": [
        [
          1.1102230246251559e-16,
          1.7344116562207986e-16,
          -1.0,
          252.19261536837436
        ],
        [
          -4.444642927370393e-16,
          1.0,
          1.734411656220798e-16,
          241.06918743582378
        ],
        [
          1.0,
          4.444642927370393e-16,
          1.1102230246251568e-16,
          -370.5225248475473
        ],
        [
          0.0,
          0.0,
          0.0,
          1.0
        ]
      ],
      "has_rotation": true
    },
    {
      "name": "motor shaft couple_sub_wood:6",
      "file": "motor_shaft_couple_sub_wood_6.stl",
      "transform_4x4_mm": [
        [
          -7.743894089643263e-17,
          -3.299298847523195e-16,
          -1.0,
          380.3999999999999
        ],
        [
          -0.998996680515294,
          0.04478428652355236,
          6.258557040672576e-17,
          225.28650048862434
        ],
        [
          0.04478428652355236,
          0.998996680515294,
          -3.3306690738754696e-16,
          -7.876799686493169
        ],
        [
          0.0,
          0.0,
          0.0,
          1.0
        ]
      ],
      "has_rotation": true
    },
    {
      "name": "Part1:2",
      "file": "Part1_2.stl",
      "transform_4x4_mm": [
        [
          0.7772515731152946,
          -3.4250182998535287e-15,
          -0.6291899491328514,
          214.99989727033307
        ],
        [
          0.629167245973411,
          0.008494999183353346,
          0.7772235274250957,
          563.9287846927318
        ],
        [
          0.005344968104055043,
          -0.9999639168434404,
          0.006602751478876685,
          -11.384441617756307
        ],
        [
          0.0,
          0.0,
          0.0,
          1.0
        ]
      ],
      "has_rotation": true
    }
  ]
}