{
  "scale": "full",
  "unit": "mm",
  "note": "world_transform_4x4_mm positions part in world space. STL geometry is in component-local space.",
  "parts": [
    {
      "name": "rb_hub angle:1",
      "parent": "rb3:1",
      "file": "rb3_1_rb_hub_angle_1.stl",
      "world_transform_4x4_mm": [
        [
          4.926614671774132e-16,
          -1.8930169931596907e-16,
          1.0000000000000002,
          354.4000000002763
        ],
        [
          0.7869350219613322,
          0.6170358751407552,
          -2.7755575615628914e-16,
          225.2865004886079
        ],
        [
          -0.617035875140755,
          0.7869350219613325,
          4.475586568020162e-16,
          -7.876799686366553
        ],
        [
          0.0,
          0.0,
          0.0,
          1.0
        ]
      ],
      "local_transform_4x4_mm": [
        [
          0.6867801342175148,
          -0.7264056360294683,
          -0.02584374564176136,
          -651.3059296324996
        ],
        [
          0.7258111938209504,
          0.6872646967351435,
          -0.029416790201487263,
          45.35491110069039
        ],
        [
          0.039130016207242074,
          0.001445187245774096,
          0.9992330825515366,
          -136.53365782981075
        ],
        [
          0.0,
          0.0,
          0.0,
          1.0
        ]
      ],
      "parent_transform_4x4_mm": [
        [
          -0.025843745641760885,
          -0.02941679020148702,
          0.9992330825515364,
          475.33095890965797
        ],
        [
          0.09223300266844713,
          0.9952332213525852,
          0.031684512540331534,
          244.54569014916345
        ],
        [
          -0.9954020162878746,
          0.09298111405225201,
          -0.023007355337715616,
          -663.5464638059368
        ],
        [
          0.0,
          0.0,
          0.0,
          1.0
        ]
      ],
      "bodies": 2
    },
    {
      "name": "rb_angle_148.06_new:1",
      "parent": "rb3:1",
      "file": "rb3_1_rb_angle_148_06_new_1.stl",
      "world_transform_4x4_mm": [
        [
          -3.2612801348363973e-16,
          4.163336342344337e-16,
          -1.0000000000000004,
          319.40000000027356
        ],
        [
          0.3263931509994255,
          0.945234103796867,
          2.7755575615628914e-16,
          370.89097173658365
        ],
        [
          0.9452341037968671,
          -0.3263931509994255,
          -4.40619762898109e-16,
          177.8194659530535
        ],
        [
          0.0,
          0.0,
          0.0,
          1.0
        ]
      ],
      "local_transform_4x4_mm": [
        [
          -0.9107837124163708,
          0.4120741802251845,
          0.025843745641761357,
          -821.814298184493
        ],
        [
          0.4127262271077937,
          0.9103799832551284,
          0.02941679020148727,
          208.5611513757015
        ],
        [
          -0.011405729017462393,
          0.03745872502014174,
          -0.9992330825515369,
          -171.1657889923854
        ],
        [
          0.0,
          0.0,
          0.0,
          1.0
        ]
      ],
      "parent_transform_4x4_mm": [
        [
          -0.025843745641760885,
          -0.02941679020148702,
          0.9992330825515364,
          475.33095890965797
        ],
        [
          0.09223300266844713,
          0.9952332213525852,
          0.031684512540331534,
          244.54569014916345
        ],
        [
          -0.9954020162878746,
          0.09298111405225201,
          -0.023007355337715616,
          -663.5464638059368
        ],
        [
          0.0,
          0.0,
          0.0,
          1.0
        ]
      ],
      "bodies": 1
    },
    {
      "name": "al pipe 229 mm:1",
      "parent": "rb3:1",
      "file": "rb3_1_al_pipe_229_mm_1.stl",
      "world_transform_4x4_mm": [
        [
          0.4559644032101328,
          -0.8899980129220667,
          2.1358782797964437e-16,
          319.40000000027646
        ],
        [
          -0.7003706058443689,
          -0.358814357653752,
          -0.617035875140755,
          358.550254233768
        ],
        [
          0.5491607027769002,
          0.28134639456779614,
          -0.7869350219613325,
          162.08076551382703
        ],
        [
          0.0,
          0.0,
          0.0,
          1.0
        ]
      ],
      "local_transform_4x4_mm": [
        [
          -0.6230167828261983,
          -0.2901464117674334,
          0.7264056360294684,
          -807.286185463904
        ],
        [
          -0.6593835294458178,
          -0.3047631830079353,
          -0.6872646967351431,
          194.81585744099795
        ],
        [
          0.42078907948337946,
          -0.9071573524043967,
          -0.001445187245774058,
          -171.194692737298
        ],
        [
          0.0,
          0.0,
          0.0,
          1.0
        ]
      ],
      "parent_transform_4x4_mm": [
        [
          -0.025843745641760885,
          -0.02941679020148702,
          0.9992330825515364,
          475.33095890965797
        ],
        [
          0.09223300266844713,
          0.9952332213525852,
          0.031684512540331534,
          244.54569014916345
        ],
        [
          -0.9954020162878746,
          0.09298111405225201,
          -0.023007355337715616,
          -663.5464638059368
        ],
        [
          0.0,
          0.0,
          0.0,
          1.0
        ]
      ],
      "bodies": 1
    },
    {
      "name": "al pipe 195 mm:1",
      "parent": "rb3:1",
      "file": "rb3_1_al_pipe_195_mm_1.stl",
      "world_transform_4x4_mm": [
        [
          -0.8742672463520218,
          -0.48544493195011623,
          -6.938893903907228e-18,
          319.4000000003789
        ],
        [
          0.4854449319501162,
          -0.8742672463520221,
          8.872026377448883e-16,
          370.89097173654375
        ],
        [
          -4.3368086899420177e-16,
          7.580741590018647e-16,
          0.9999999999999999,
          197.8194659536498
        ],
        [
          0.0,
          0.0,
          0.0,
          1.0
        ]
      ],
      "local_transform_4x4_mm": [
        [
          0.06736838404158399,
          -0.06809057792132199,
          -0.9954020162878745,
          -841.7223385108504
        ],
        [
          0.5088490595799698,
          -0.8558195761924253,
          0.0929811140522529,
          210.42077365675914
        ],
        [
          -0.8582156695121604,
          -0.5127733672921773,
          -0.0230073553377156,
          -171.62593609904945
        ],
        [
          0.0,
          0.0,
          0.0,
          1.0
        ]
      ],
      "parent_transform_4x4_mm": [
        [
          -0.025843745641760885,
          -0.02941679020148702,
          0.9992330825515364,
          475.33095890965797
        ],
        [
          0.09223300266844713,
          0.9952332213525852,
          0.031684512540331534,
          244.54569014916345
        ],
        [
          -0.9954020162878746,
          0.09298111405225201,
          -0.023007355337715616,
          -663.5464638059368
        ],
        [
          0.0,
          0.0,
          0.0,
          1.0
        ]
      ],
      "bodies": 1
    },
    {
      "name": "rb_angle:1",
      "parent": "rb3:1",
      "file": "rb3_1_rb_angle_1.stl",
      "world_transform_4x4_mm": [
        [
          -5.551115123125783e-17,
          6.938893903907228e-18,
          1.0000000000000002,
          214.40000002273996
        ],
        [
          -0.8530047293528726,
          0.5219031823064818,
          -4.85722573273506e-17,
          370.89097173611776
        ],
        [
          -0.5219031823064818,
          -0.8530047293528729,
          -1.734723475976807e-17,
          177.81946594867782
        ],
        [
          0.0,
          0.0,
          0.0,
          1.0
        ]
      ],
      "local_transform_4x4_mm": [
        [
          0.44082829249632866,
          0.8972193251072871,
          -0.025843745641760875,
          -819.1007048883762
        ],
        [
          -0.8974657839411218,
          0.4401020553339756,
          -0.029416790201487075,
          211.64991434532618
        ],
        [
          -0.015019427076933451,
          0.03616163083760215,
          0.9992330825515366,
          -276.0852626377616
        ],
        [
          0.0,
          0.0,
          0.0,
          1.0
        ]
      ],
      "parent_transform_4x4_mm": [
        [
          -0.025843745641760885,
          -0.02941679020148702,
          0.9992330825515364,
          475.33095890965797
        ],
        [
          0.09223300266844713,
          0.9952332213525852,
          0.031684512540331534,
          244.54569014916345
        ],
        [
          -0.9954020162878746,
          0.09298111405225201,
          -0.023007355337715616,
          -663.5464638059368
        ],
        [
          0.0,
          0.0,
          0.0,
          1.0
        ]
      ],
      "bodies": 1
    },
    {
      "name": "motorCAD2.0:1",
      "parent": "rb3:1",
      "file": "rb3_1_motorCAD2_0_1.stl",
      "world_transform_4x4_mm": [
        [
          -2.498001805406602e-16,
          -5.169475958410885e-16,
          1.0,
          322.4000000002593
        ],
        [
          0.998996680515294,
          0.04478428652355312,
          2.8449465006019636e-16,
          225.2865004886086
        ],
        [
          -0.044784286523553186,
          0.9989966805152938,
          5.134781488891349e-16,
          -7.876799686362915
        ],
        [
          0.0,
          0.0,
          0.0,
          1.0
        ]
      ],
      "local_transform_4x4_mm": [
        [
          0.13671883260329565,
          -0.9902727208313858,
          -0.025843745641761368,
          -650.4789297719664
        ],
        [
          0.9900705916167801,
          0.13745863403162667,
          -0.029416790201486687,
          46.29624838713948
        ],
        [
          0.03268309084512961,
          -0.02156530332184893,
          0.9992330825515364,
          -168.50911647147697
        ],
        [
          0.0,
          0.0,
          0.0,
          1.0
        ]
      ],
      "parent_transform_4x4_mm": [
        [
          -0.025843745641760885,
          -0.02941679020148702,
          0.9992330825515364,
          475.33095890965797
        ],
        [
          0.09223300266844713,
          0.9952332213525852,
          0.031684512540331534,
          244.54569014916345
        ],
        [
          -0.9954020162878746,
          0.09298111405225201,
          -0.023007355337715616,
          -663.5464638059368
        ],
        [
          0.0,
          0.0,
          0.0,
          1.0
        ]
      ],
      "bodies": 5
    },
    {
      "name": "rb_angle_100.82:1",
      "parent": "rb3:1",
      "file": "rb3_1_rb_angle_100_82_1.stl",
      "world_transform_4x4_mm": [
        [
          -3.122502256758253e-17,
          -6.245004513516506e-17,
          1.0000000000000002,
          249.40000005133058
        ],
        [
          0.15022558912077424,
          0.9886517447379113,
          7.632783294297951e-17,
          479.68819402916535
        ],
        [
          -0.9886517447379117,
          0.15022558912077416,
          -1.734723475976807e-17,
          -9.006612344819587e-09
        ],
        [
          0.0,
          0.0,
          0.0,
          1.0
        ]
      ],
      "local_transform_4x4_mm": [
        [
          0.9979616972808878,
          -0.05834853529827573,
          -0.025843745641760865,
          -632.9686865429902
        ],
        [
          0.05758355635482429,
          0.9979072033469707,
          -0.02941679020148695,
          302.36508465943416
        ],
        [
          0.02750608655881348,
          0.02786865509444962,
          0.9992330825515366,
          -233.5737621265406
        ],
        [
          0.0,
          0.0,
          0.0,
          1.0
        ]
      ],
      "parent_transform_4x4_mm": [
        [
          -0.025843745641760885,
          -0.02941679020148702,
          0.9992330825515364,
          475.33095890965797
        ],
        [
          0.09223300266844713,
          0.9952332213525852,
          0.031684512540331534,
          244.54569014916345
        ],
        [
          -0.9954020162878746,
          0.09298111405225201,
          -0.023007355337715616,
          -663.5464638059368
        ],
        [
          0.0,
          0.0,
          0.0,
          1.0
        ]
      ],
      "bodies": 1
    },
    {
      "name": "al pipe 262 mm:1",
      "parent": "rb3:1",
      "file": "rb3_1_al_pipe_262_mm_1.stl",
      "world_transform_4x4_mm": [
        [
          -0.9925698824215651,
          -0.12167591589809454,
          1.3877787807814457e-17,
          249.4000000257414
        ],
        [
          0.10379013170941703,
          -0.8466668039188201,
          -0.5219031823064816,
          474.4691622063966
        ],
        [
          0.06350304771727137,
          -0.5180253802973851,
          0.8530047293528731,
          8.53004729188649
        ],
        [
          0.0,
          0.0,
          0.0,
          1.0
        ]
      ],
      "local_transform_4x4_mm": [
        [
          -0.027986462670308458,
          0.44069744787237874,
          -0.8972193251072873,
          -641.9408798007049
        ],
        [
          0.13839819123974725,
          -0.8872181927532692,
          -0.4401020553339754,
          297.96406410782663
        ],
        [
          -0.9899811607140662,
          -0.13649043148292558,
          -0.03616163083760213,
          -233.9353784606462
        ],
        [
          0.0,
          0.0,
          0.0,
          1.0
        ]
      ],
      "parent_transform_4x4_mm": [
        [
          -0.025843745641760885,
          -0.02941679020148702,
          0.9992330825515364,
          475.33095890965797
        ],
        [
          0.09223300266844713,
          0.9952332213525852,
          0.031684512540331534,
          244.54569014916345
        ],
        [
          -0.9954020162878746,
          0.09298111405225201,
          -0.023007355337715616,
          -663.5464638059368
        ],
        [
          0.0,
          0.0,
          0.0,
          1.0
        ]
      ],
      "bodies": 1
    },
    {
      "name": "rb_link_diff:1",
      "parent": "rb3:1",
      "file": "rb3_1_rb_link_diff_1.stl",
      "world_transform_4x4_mm": [
        [
          8.326672684688674e-17,
          1.8041124150158794e-16,
          1.0,
          214.90000005067066
        ],
        [
          0.1502255891207655,
          0.9886517447379125,
          -1.8735013540549517e-16,
          479.68819402918456
        ],
        [
          -0.988651744737913,
          0.1502255891207655,
          7.28583859910259e-17,
          -8.997517397801857e-09
        ],
        [
          0.0,
          0.0,
          0.0,
          1.0
        ]
      ],
      "local_transform_4x4_mm": [
        [
          0.9979616972808882,
          -0.05834853529826699,
          -0.02584374564176097,
          -632.0770773183397
        ],
        [
          0.05758355635481549,
          0.9979072033469711,
          -0.029416790201487193,
          303.3799639214248
        ],
        [
          0.027506086558813352,
          0.027868655094450103,
          0.9992330825515364,
          -268.04730347522764
        ],
        [
          0.0,
          0.0,
          0.0,
          1.0
        ]
      ],
      "parent_transform_4x4_mm": [
        [
          -0.025843745641760885,
          -0.02941679020148702,
          0.9992330825515364,
          475.33095890965797
        ],
        [
          0.09223300266844713,
          0.9952332213525852,
          0.031684512540331534,
          244.54569014916345
        ],
        [
          -0.9954020162878746,
          0.09298111405225201,
          -0.023007355337715616,
          -663.5464638059368
        ],
        [
          0.0,
          0.0,
          0.0,
          1.0
        ]
      ],
      "bodies": 1
    },
    {
      "name": "servo_mount:1",
      "parent": "rb3:1",
      "file": "rb3_1_servo_mount_1.stl",
      "world_transform_4x4_mm": [
        [
          -1.1449174941446927e-16,
          1.0,
          -3.95516952522712e-16,
          319.40000000037185
        ],
        [
          4.2522409204881484e-16,
          3.677613769070831e-16,
          1.0000000000000002,
          370.89097173654454
        ],
        [
          1.0000000000000002,
          1.2836953722228372e-16,
          -4.092863201132779e-16,
          367.8194659536455
        ],
        [
          0.0,
          0.0,
          0.0,
          1.0
        ]
      ],
      "local_transform_4x4_mm": [
        [
          -0.9954020162878748,
          -0.025843745641760972,
          0.09223300266844756,
          -1010.9406812797845
        ],
        [
          0.09298111405225247,
          -0.029416790201486638,
          0.9952332213525854,
          226.22756304564257
        ],
        [
          -0.023007355337715724,
          0.9992330825515364,
          0.03168451254033116,
          -175.537186506468
        ],
        [
          0.0,
          0.0,
          0.0,
          1.0
        ]
      ],
      "parent_transform_4x4_mm": [
        [
          -0.025843745641760885,
          -0.02941679020148702,
          0.9992330825515364,
          475.33095890965797
        ],
        [
          0.09223300266844713,
          0.9952332213525852,
          0.031684512540331534,
          244.54569014916345
        ],
        [
          -0.9954020162878746,
          0.09298111405225201,
          -0.023007355337715616,
          -663.5464638059368
        ],
        [
          0.0,
          0.0,
          0.0,
          1.0
        ]
      ],
      "bodies": 1
    },
    {
      "name": "al pipe 427.5 mm:1",
      "parent": "rb3:1",
      "file": "rb3_1_al_pipe_427_5_mm_1.stl",
      "world_transform_4x4_mm": [
        [
          -0.15360546719411594,
          -0.9881322585808426,
          1.734723475976807e-18,
          249.40000003042252
        ],
        [
          0.9580247770149881,
          -0.148925249812484,
          0.2449689706752092,
          388.80373881751734
        ],
        [
          -0.24206174227551874,
          0.03762857318862721,
          0.9695309192626758,
          -359.6997985654125
        ],
        [
          0.0,
          0.0,
          0.0,
          1.0
        ]
      ],
      "local_transform_4x4_mm": [
        [
          0.33327998876541765,
          -0.025654341834167385,
          -0.9424788081615306,
          -283.3053280011174
        ],
        [
          0.9354694943002625,
          -0.1156489301143475,
          0.33394932279766304,
          178.46856753474077
        ],
        [
          -0.11756391590166629,
          -0.992958800609805,
          -0.014544619947027677,
          -228.17765072801532
        ],
        [
          0.0,
          0.0,
          0.0,
          1.0
        ]
      ],
      "parent_transform_4x4_mm": [
        [
          -0.025843745641760885,
          -0.02941679020148702,
          0.9992330825515364,
          475.33095890965797
        ],
        [
          0.09223300266844713,
          0.9952332213525852,
          0.031684512540331534,
          244.54569014916345
        ],
        [
          -0.9954020162878746,
          0.09298111405225201,
          -0.023007355337715616,
          -663.5464638059368
        ],
        [
          0.0,
          0.0,
          0.0,
          1.0
        ]
      ],
      "bodies": 1
    },
    {
      "name": "servo_mount_24.18_left:1",
      "parent": "rb3:1",
      "file": "rb3_1_servo_mount_24_18_left_1.stl",
      "world_transform_4x4_mm": [
        [
          -7.28583859910259e-17,
          -1.0,
          -3.122502256758253e-16,
          249.40000002290333
        ],
        [
          6.389420242891575e-15,
          -3.2612801348363973e-16,
          1.0000000000000002,
          371.0691874353215
        ],
        [
          -0.9999999999999998,
          6.245004513516506e-17,
          6.406659057434094e-15,
          -370.52252484889607
        ],
        [
          0.0,
          0.0,
          0.0,
          1.0
        ]
      ],
      "local_transform_4x4_mm": [
        [
          0.9954020162878751,
          0.025843745641760788,
          0.09223300266844077,
          -274.16807536156955
        ],
        [
          -0.09298111405224564,
          0.0294167902014867,
          0.995233221352586,
          159.8122436866953
        ],
        [
          0.023007355337715744,
          -0.9992330825515364,
          0.031684512540331077,
          -228.49055904186815
        ],
        [
          0.0,
          0.0,
          0.0,
          1.0
        ]
      ],
      "parent_transform_4x4_mm": [
        [
          -0.025843745641760885,
          -0.02941679020148702,
          0.9992330825515364,
          475.33095890965797
        ],
        [
          0.09223300266844713,
          0.9952332213525852,
          0.031684512540331534,
          244.54569014916345
        ],
        [
          -0.9954020162878746,
          0.09298111405225201,
          -0.023007355337715616,
          -663.5464638059368
        ],
        [
          0.0,
          0.0,
          0.0,
          1.0
        ]
      ],
      "bodies": 1
    },
    {
      "name": "rb_hub angle:2",
      "parent": "rb:1",
      "file": "rb_1_rb_hub_angle_2.stl",
      "world_transform_4x4_mm": [
        [
          5.224987109642143e-15,
          -4.163336342344337e-17,
          -1.0000000000000004,
          -354.6000007380753
        ],
        [
          -0.7869350219613327,
          0.6170358751407548,
          -4.128641872824801e-15,
          238.20135555357257
        ],
        [
          0.6170358751407551,
          0.7869350219613326,
          3.2057689836051395e-15,
          -0.593133635532979
        ],
        [
          0.0,
          0.0,
          0.0,
          1.0
        ]
      ],
      "local_transform_4x4_mm": [
        [
          0.37810616762876476,
          0.9254014408959459,
          -0.025843745641759067,
          -492.0830060035684
        ],
        [
          -0.9255973915804279,
          0.3773647057605548,
          -0.029416790201491117,
          25.366487980137578
        ],
        [
          -0.017469822569140585,
          0.03504357336170544,
          0.9992330825515366,
          -154.5397103631491
        ],
        [
          0.0,
          0.0,
          0.0,
          1.0
        ]
      ],
      "parent_transform_4x4_mm": [
        [
          0.02584374564176101,
          0.029416790201486263,
          -0.9992330825515365,
          -497.0501245141373
        ],
        [
          0.2734609026130884,
          0.9612325651368934,
          0.03537075716440225,
          353.84991079372037
        ],
        [
          0.9615358732534314,
          -0.27416529352671515,
          0.016797507915497056,
          482.11282188618156
        ],
        [
          0.0,
          0.0,
          0.0,
          1.0
        ]
      ],
      "bodies": 2
    },
    {
      "name": "rb_angle_148.06_new:2",
      "parent": "rb:1",
      "file": "rb_1_rb_angle_148_06_new_2.stl",
      "world_transform_4x4_mm": [
        [
          4.718447854656915e-16,
          1.1136924715771102e-15,
          1.0000000000000004,
          -319.6000005252498
        ],
        [
          -0.32639315099942634,
          0.9452341037968669,
          -9.020562075079397e-16,
          383.8058269281039
        ],
        [
          -0.9452341037968668,
          -0.32639315099942634,
          8.049116928532385e-16,
          185.10313329007897
        ],
        [
          0.0,
          0.0,
          0.0,
          1.0
        ]
      ],
      "local_transform_4x4_mm": [
        [
          -0.9981322651022781,
          -0.05535415226520751,
          0.025843745641761545,
          -272.80772255580496
        ],
        [
          -0.05458934025936235,
          0.998075476296402,
          0.029416790201485184,
          115.44436362971669
        ],
        [
          -0.027422350224650886,
          0.027951054411432367,
          -0.9992330825515368,
          -181.24349355251425
        ],
        [
          0.0,
          0.0,
          0.0,
          1.0
        ]
      ],
      "parent_transform_4x4_mm": [
        [
          0.02584374564176101,
          0.029416790201486263,
          -0.9992330825515365,
          -497.0501245141373
        ],
        [
          0.2734609026130884,
          0.9612325651368934,
          0.03537075716440225,
          353.84991079372037
        ],
        [
          0.9615358732534314,
          -0.27416529352671515,
          0.016797507915497056,
          482.11282188618156
        ],
        [
          0.0,
          0.0,
          0.0,
          1.0
        ]
      ],
      "bodies": 1
    },
    {
      "name": "al pipe 229 mm:2",
      "parent": "rb:1",
      "file": "rb_1_al_pipe_229_mm_2.stl",
      "world_transform_4x4_mm": [
        [
          0.9935631524501425,
          0.11327957491681975,
          6.245004513516506e-17,
          -319.6000006855987
        ],
        [
          0.08914366477493799,
          -0.7818696411933234,
          -0.617035875140755,
          371.46510929276883
        ],
        [
          -0.06989756164437255,
          0.6130641092796809,
          -0.7869350219613325,
          169.3644315827441
        ],
        [
          0.0,
          0.0,
          0.0,
          1.0
        ]
      ],
      "local_transform_4x4_mm": [
        [
          -0.017154312551466502,
          0.3785999243906345,
          -0.9254014408959459,
          -291.31575263343854
        ],
        [
          0.13407871786990117,
          -0.9163071407888369,
          -0.37736470576055503,
          107.89706973007742
        ],
        [
          -0.990822197457874,
          -0.13055007081879627,
          -0.035043573361705466,
          -181.94436488551082
        ],
        [
          0.0,
          0.0,
          0.0,
          1.0
        ]
      ],
      "parent_transform_4x4_mm": [
        [
          0.02584374564176101,
          0.029416790201486263,
          -0.9992330825515365,
          -497.0501245141373
        ],
        [
          0.2734609026130884,
          0.9612325651368934,
          0.03537075716440225,
          353.84991079372037
        ],
        [
          0.9615358732534314,
          -0.27416529352671515,
          0.016797507915497056,
          482.11282188618156
        ],
        [
          0.0,
          0.0,
          0.0,
          1.0
        ]
      ],
      "bodies": 1
    },
    {
      "name": "al pipe 195 mm:2",
      "parent": "rb:1",
      "file": "rb_1_al_pipe_195_mm_2.stl",
      "world_transform_4x4_mm": [
        [
          -0.9642370481711805,
          0.26504134570690857,
          -4.85722573273506e-17,
          -319.59999999982983
        ],
        [
          -0.26504134570690857,
          -0.9642370481711806,
          8.61940727125976e-16,
          383.8058267588367
        ],
        [
          1.6653345369377348e-16,
          8.98586760555986e-16,
          1.0000000000000002,
          205.10313259652702
        ],
        [
          0.0,
          0.0,
          0.0,
          1.0
        ]
      ],
      "local_transform_4x4_mm": [
        [
          -0.0973979426380971,
          -0.2568314724028708,
          0.961535873253432,
          -253.57700579032056
        ],
        [
          -0.2831311315517379,
          -0.9190593855522305,
          -0.2741652935267144,
          109.96105780208129
        ],
        [
          0.9541228448769575,
          -0.29894387535410455,
          0.01679750791549714,
          -180.90754393685836
        ],
        [
          0.0,
          0.0,
          0.0,
          1.0
        ]
      ],
      "parent_transform_4x4_mm": [
        [
          0.02584374564176101,
          0.029416790201486263,
          -0.9992330825515365,
          -497.0501245141373
        ],
        [
          0.2734609026130884,
          0.9612325651368934,
          0.03537075716440225,
          353.84991079372037
        ],
        [
          0.9615358732534314,
          -0.27416529352671515,
          0.016797507915497056,
          482.11282188618156
        ],
        [
          0.0,
          0.0,
          0.0,
          1.0
        ]
      ],
      "bodies": 1
    },
    {
      "name": "rb_angle:2",
      "parent": "rb:1",
      "file": "rb_1_rb_angle_2.stl",
      "world_transform_4x4_mm": [
        [
          7.494005416219807e-16,
          1.6822480908285087e-15,
          -1.0000000000000007,
          -214.60000000014497
        ],
        [
          0.8879446728550692,
          0.4599502776913009,
          1.4502288259166107e-15,
          383.80582675896346
        ],
        [
          0.459950277691301,
          -0.887944672855069,
          -1.1518563880486e-15,
          185.10313259714582
        ],
        [
          0.0,
          0.0,
          0.0,
          1.0
        ]
      ],
      "local_transform_4x4_mm": [
        [
          0.6850768436224941,
          -0.7280122383198274,
          -0.025843745641761735,
          -270.0941299623828
        ],
        [
          0.7274189326971879,
          0.6855627971294287,
          -0.029416790201484567,
          118.53312664371455
        ],
        [
          0.039133293829235194,
          0.00135353190911024,
          0.999233082551537,
          -286.1629677627499
        ],
        [
          0.0,
          0.0,
          0.0,
          1.0
        ]
      ],
      "parent_transform_4x4_mm": [
        [
          0.02584374564176101,
          0.029416790201486263,
          -0.9992330825515365,
          -497.0501245141373
        ],
        [
          0.2734609026130884,
          0.9612325651368934,
          0.03537075716440225,
          353.84991079372037
        ],
        [
          0.9615358732534314,
          -0.27416529352671515,
          0.016797507915497056,
          482.11282188618156
        ],
        [
          0.0,
          0.0,
          0.0,
          1.0
        ]
      ],
      "bodies": 1
    },
    {
      "name": "motorCAD2.0:2",
      "parent": "rb:1",
      "file": "rb_1_motorCAD2_0_2.stl",
      "world_transform_4x4_mm": [
        [
          2.42861286636753e-17,
          -4.926614671774132e-16,
          -1.0000000000000002,
          -322.6000000620652
        ],
        [
          0.3937633581404737,
          0.9192118459778122,
          -4.579669976578771e-16,
          238.201355447449
        ],
        [
          0.9192118459778119,
          -0.3937633581404737,
          2.220446049250313e-16,
          -0.5931336313236102
        ],
        [
          0.0,
          0.0,
          0.0,
          1.0
        ]
      ],
      "local_transform_4x4_mm": [
        [
          0.991534048360229,
          -0.12724909333106832,
          -0.025843745641760923,
          -491.2560061505346
        ],
        [
          0.1264821772365442,
          0.9915326072781194,
          -0.02941679020148676,
          26.307825183307685
        ],
        [
          0.029368176379857183,
          0.025898975861526306,
          0.9992330825515365,
          -186.51516968397289
        ],
        [
          0.0,
          0.0,
          0.0,
          1.0
        ]
      ],
      "parent_transform_4x4_mm": [
        [
          0.02584374564176101,
          0.029416790201486263,
          -0.9992330825515365,
          -497.0501245141373
        ],
        [
          0.2734609026130884,
          0.9612325651368934,
          0.03537075716440225,
          353.84991079372037
        ],
        [
          0.9615358732534314,
          -0.27416529352671515,
          0.016797507915497056,
          482.11282188618156
        ],
        [
          0.0,
          0.0,
          0.0,
          1.0
        ]
      ],
      "bodies": 5
    },
    {
      "name": "rb_angle_100.82:2",
      "parent": "rb:1",
      "file": "rb_1_rb_angle_100_82_2.stl",
      "world_transform_4x4_mm": [
        [
          -1.889113865338743e-15,
          4.371503159461554e-16,
          -1.0000000000000004,
          -249.60000000009387
        ],
        [
          -0.07957085774613995,
          0.9968292123516163,
          5.828670879282072e-16,
          479.6881940302744
        ],
        [
          0.9968292123516163,
          0.07957085774613992,
          -1.8492152253912764e-15,
          6.729692358931061e-10
        ],
        [
          0.0,
          0.0,
          0.0,
          1.0
        ]
      ],
      "local_transform_4x4_mm": [
        [
          0.9367275286020845,
          0.3491040503492262,
          -0.025843745641762637,
          -422.76188460424606
        ],
        [
          -0.3497820733018502,
          0.9363691332219901,
          -0.029416790201485205,
          260.41764751129045
        ],
        [
          0.013929765098174946,
          0.03659519611730462,
          0.9992330825515368,
          -250.90764927936812
        ],
        [
          0.0,
          0.0,
          0.0,
          1.0
        ]
      ],
      "parent_transform_4x4_mm": [
        [
          0.02584374564176101,
          0.029416790201486263,
          -0.9992330825515365,
          -497.0501245141373
        ],
        [
          0.2734609026130884,
          0.9612325651368934,
          0.03537075716440225,
          353.84991079372037
        ],
        [
          0.9615358732534314,
          -0.27416529352671515,
          0.016797507915497056,
          482.11282188618156
        ],
        [
          0.0,
          0.0,
          0.0,
          1.0
        ]
      ],
      "bodies": 1
    },
    {
      "name": "al pipe 262 mm:2",
      "parent": "rb:1",
      "file": "rb_1_al_pipe_262_mm_2.stl",
      "world_transform_4x4_mm": [
        [
          -0.842716885539495,
          -0.5383569919919441,
          -2.065188298150389e-15,
          -249.60000000025272
        ],
        [
          0.4780312231335265,
          -0.7482859692398085,
          -0.4599502776913017,
          475.0886912533842
        ],
        [
          0.24761744796374693,
          -0.38760786551904036,
          0.887944672855069,
          8.879446729204119
        ],
        [
          0.0,
          0.0,
          0.0,
          1.0
        ]
      ],
      "local_transform_4x4_mm": [
        [
          0.34703694797804063,
          -0.5912389851782802,
          0.7280122383198271,
          -415.48176222106434
        ],
        [
          0.3668210427036842,
          -0.6288449521319666,
          -0.6855627971294294,
          253.56201954001872
        ],
        [
          0.8631382736085041,
          0.5049658291246075,
          -0.001353531909109888,
          -250.92118459830004
        ],
        [
          0.0,
          0.0,
          0.0,
          1.0
        ]
      ],
      "parent_transform_4x4_mm": [
        [
          0.02584374564176101,
          0.029416790201486263,
          -0.9992330825515365,
          -497.0501245141373
        ],
        [
          0.2734609026130884,
          0.9612325651368934,
          0.03537075716440225,
          353.84991079372037
        ],
        [
          0.9615358732534314,
          -0.27416529352671515,
          0.016797507915497056,
          482.11282188618156
        ],
        [
          0.0,
          0.0,
          0.0,
          1.0
        ]
      ],
      "bodies": 1
    },
    {
      "name": "rb_link_diff:2",
      "parent": "rb:1",
      "file": "rb_1_rb_link_diff_2.stl",
      "world_transform_4x4_mm": [
        [
          -8.847089727481716e-17,
          6.938893903907228e-17,
          -1.0000000000000004,
          -215.10000000056039
        ],
        [
          -0.07957085774615251,
          0.9968292123516153,
          8.326672684688674e-17,
          479.6881940304866
        ],
        [
          0.9968292123516155,
          0.07957085774615259,
          -8.673617379884035e-17,
          1.7901697901834268e-09
        ],
        [
          0.0,
          0.0,
          0.0,
          1.0
        ]
      ],
      "local_transform_4x4_mm": [
        [
          0.9367275286020803,
          0.3491040503492381,
          -0.02584374564176108,
          -421.8702753784851
        ],
        [
          -0.34978207330186195,
          0.9363691332219857,
          -0.029416790201486173,
          261.4325267731257
        ],
        [
          0.013929765098172685,
          0.03659519611730516,
          0.9992330825515368,
          -285.38119062690373
        ],
        [
          0.0,
          0.0,
          0.0,
          1.0
        ]
      ],
      "parent_transform_4x4_mm": [
        [
          0.02584374564176101,
          0.029416790201486263,
          -0.9992330825515365,
          -497.0501245141373
        ],
        [
          0.2734609026130884,
          0.9612325651368934,
          0.03537075716440225,
          353.84991079372037
        ],
        [
          0.9615358732534314,
          -0.27416529352671515,
          0.016797507915497056,
          482.11282188618156
        ],
        [
          0.0,
          0.0,
          0.0,
          1.0
        ]
      ],
      "bodies": 1
    },
    {
      "name": "al pipe 427.5 mm:2",
      "parent": "rb:1",
      "file": "rb_1_al_pipe_427_5_mm_2.stl",
      "world_transform_4x4_mm": [
        [
          0.1536054665024646,
          0.9881322586883603,
          -1.5543122344752192e-15,
          -249.59999973519757
        ],
        [
          -0.9383953869216037,
          0.14587385433928468,
          0.31326493009025924,
          363.4656682071823
        ],
        [
          0.30954718293793937,
          -0.048119205725374786,
          0.9496657746678804,
          -352.3297515603224
        ],
        [
          0.0,
          0.0,
          0.0,
          1.0
        ]
      ],
      "local_transform_4x4_mm": [
        [
          0.04499601194930486,
          0.019159492131821984,
          0.9988034204836851,
          -793.3218967533221
        ],
        [
          -0.9823647193719242,
          0.18247899470008216,
          0.04075505645399469,
          245.29736065037812
        ],
        [
          -0.18147979788940397,
          -0.9830230568783717,
          0.027032436137407925,
          -260.93679007269424
        ],
        [
          0.0,
          0.0,
          0.0,
          1.0
        ]
      ],
      "parent_transform_4x4_mm": [
        [
          0.02584374564176101,
          0.029416790201486263,
          -0.9992330825515365,
          -497.0501245141373
        ],
        [
          0.2734609026130884,
          0.9612325651368934,
          0.03537075716440225,
          353.84991079372037
        ],
        [
          0.9615358732534314,
          -0.27416529352671515,
          0.016797507915497056,
          482.11282188618156
        ],
        [
          0.0,
          0.0,
          0.0,
          1.0
        ]
      ],
      "bodies": 1
    },
    {
      "name": "servo_mount_24.18:1",
      "parent": "rb:1",
      "file": "rb_1_servo_mount_24_18_1.stl",
      "world_transform_4x4_mm": [
        [
          1.56472057533108e-15,
          -1.0000000000000004,
          -2.42861286636753e-16,
          -249.5999997785436
        ],
        [
          -0.0710813883372949,
